SNR of injection:
H1: 7.06393043778248
L1: 8.376307523955937
V1: 4.295781327565604
Network: 11.76925563406505