SNR of injection:
H1: 8.485343964549054
L1: 9.87632137329314
V1: 20.245794812421376
Network: 24.071455993602555