output_path: ./outdir/ppPlots/injection_0
downsample_factor: 10
seed: 8586
f_sampling: 2048
duration: 16
fmin: 30
ifos:
  - H1
  - L1
  - V1
m1: 51.16324398058128
m2: 42.216732441667865
chi1: -0.4407802073318364
chi2: 0.44797733442323207
dist_mpc: 938.0839525197744
tc: -0.4430624743581856
phic: 4.111886612631255
inclination: 2.525393036176692
polarization_angle: 0.8710877799715092
ra: 1.7211737729564884
dec: -0.3305419624906436
heterodyne_bins: 501
n_dim: 11
n_chains: 500
n_loop_training: 20
n_loop_production: 20
n_local_steps: 200
n_global_steps: 200
learning_rate: 0.001
max_samples: 50000
momentum: 0.9
num_epochs: 240
batch_size: 50000
stepsize: 0.01
