output_path: ./outdir/ppPlots/injection_2
downsample_factor: 10
seed: 6038
f_sampling: 2048
duration: 16
fmin: 30
ifos:
  - H1
  - L1
  - V1
m1: 23.793003398603368
m2: 13.266333155992697
chi1: 0.4520802377530936
chi2: -0.44256059767021483
dist_mpc: 1846.0197974529674
tc: -0.003153340786347325
phic: 5.849588105423076
inclination: 1.8513093195617145
polarization_angle: 2.194636036166476
ra: 0.8352618707901674
dec: 0.2162582366743584
heterodyne_bins: 501
n_dim: 11
n_chains: 500
n_loop_training: 20
n_loop_production: 20
n_local_steps: 200
n_global_steps: 200
learning_rate: 0.001
max_samples: 50000
momentum: 0.9
num_epochs: 240
batch_size: 50000
stepsize: 0.01
