output_path: ./outdir/ppPlots/injection_1
downsample_factor: 10
seed: 6074
f_sampling: 2048
duration: 16
fmin: 30
ifos:
  - H1
  - L1
  - V1
m1: 55.55444758327007
m2: 44.18043952305292
chi1: -0.059678583106281824
chi2: 0.07547328063354874
dist_mpc: 321.0586096571127
tc: 0.23186276723600285
phic: 4.343132873845733
inclination: 0.5290043598423726
polarization_angle: 3.0649856875139
ra: 1.2485781898590431
dec: 1.3062264441110916
heterodyne_bins: 501
n_dim: 11
n_chains: 500
n_loop_training: 20
n_loop_production: 20
n_local_steps: 200
n_global_steps: 200
learning_rate: 0.001
max_samples: 50000
momentum: 0.9
num_epochs: 240
batch_size: 50000
stepsize: 0.01
