SNR of injection:
H1: 5.184953968526555
L1: 4.34442835468219
V1: 9.034175422913277
Network: 11.286014839467303